12
-1 -1 0 
-1 1.5 0
1 1.5 0
1 -1 0
-1 -1 1
-1 1 1
-1 1.5 1
1 1.5 1
1 1 1 
1 -1 1
0 -1 2
0 1 2

9
4   1 0 3 2
4   9 7 2 3
4   6 4 0 1 
4   7 6 1 2
5   10 9 3 0 4
4   5 6 7 8
3   11 5 8
4   10 11 8 9 
4   11 10 4 5

0 0 -1
1 0 0 
-1 0 0
0 1 0
0 -1 0
0 0 1
0 1 0
0.707106 0 0.707106
-0.707106 0 0.707106

0.0 0.0      0.0 0.0       0.0 0.0      0.0 0.0
0.0 0.0      0.623 0.0       0.623 0.25      0.0 0.25
0.0 0.25      0.623 0.25       0.623 0.498      0.0 0.498
0.623 0.755      1.0 0.755       1.0 1.0      0.623 1.0
0.816 0.375      1.0 0.505       1.0 0.753      0.623 0.753     0.623 0.505
0.623 0.173      1.0 0.173       1.0 0.363      0.623 0.363
0.818 0.0      1.0 0.166       0.623 0.166      
0.0 0.505      0.623 0.505       0.623 0.75      0.0 0.75
0.0 0.75      0.623 0.75       0.623 1.0      0.0 1.0


